cam0:
  cam_overlaps: [1, 2, 3, 4]
  camera_model: pinhole
  distortion_coeffs: [-0.03205227111842878, -0.0027510782550778934, -0.005528520304333173, 0.0013954623234190206]
  distortion_model: equidistant
  intrinsics: [631.7160595937754, 631.8750785837422, 623.4702737840133, 340.8232261640583]
  resolution: [1280, 720]
  rostopic: /camera/rear_mid/image_raw
cam1:
  T_cn_cnm1:
  - [0.5871490265902607, -0.48201916526534755, 0.6503180336504628, 0.523172145416816]
  - [0.46463533838245313, 0.8585392282229682, 0.21685109160096683, 0.2686606224549283]
  - [-0.662849924870125, 0.1748368322728514, 0.7280536101005627, -0.413857658822142]
  - [0.0, 0.0, 0.0, 1.0]
  cam_overlaps: [0, 2]
  camera_model: pinhole
  distortion_coeffs: [0.01652226991165054, -0.15279911808296257, 0.15059617996344346, -0.051456740799302576]
  distortion_model: equidistant
  intrinsics: [630.7003542165014, 630.2192834733675, 616.0751113035825, 329.4759329944912]
  resolution: [1280, 720]
  rostopic: /camera/rear_right/image_raw
cam2:
  T_cn_cnm1:
  - [0.7782069972556518, -0.3318736445970172, 0.5331545305483526, 0.6389884825335866]
  - [0.4455132347714067, 0.8900888112218345, -0.09622819639387666, 0.07674813643016684]
  - [-0.44261928004308515, 0.3124128553046333, 0.84052744201159, -0.11063994929559513]
  - [0.0, 0.0, 0.0, 1.0]
  cam_overlaps: [0, 1]
  camera_model: pinhole
  distortion_coeffs: [-0.02353537415187983, -0.018925929306244666, 0.0033349739849924996, 0.0004898064928834233]
  distortion_model: equidistant
  intrinsics: [632.4048459561029, 631.3851885213172, 638.0517438175792, 350.15206407485545]
  resolution: [1280, 720]
  rostopic: /camera/side_right/image_raw
cam3:
  T_cn_cnm1:
  - [-0.8449675697648116, 0.43052458802908855, -0.31729857413505097, -0.30250236035044015]
  - [-0.21212859910112847, 0.2748298616772966, 0.9378006209071497, 0.8109298983492813]
  - [0.4909493492094124, 0.8597192135998974, -0.14089574258306325, -1.4405959686885748]
  - [0.0, 0.0, 0.0, 1.0]
  cam_overlaps: [0, 4]
  camera_model: pinhole
  distortion_coeffs: [-0.018338100665254382, -0.017857210633364286, -0.002836851370257028, 0.003257186256086761]
  distortion_model: equidistant
  intrinsics: [627.2513556388549, 627.0229412265359, 632.3532867988321, 362.5169246892513]
  resolution: [1280, 720]
  rostopic: /camera/rear_left/image_raw
cam4:
  T_cn_cnm1:
  - [0.8639202488120878, 0.20761231928228752, -0.45884521199930806, -0.6449667786904953]
  - [-0.3456728306366592, 0.9070282102697013, -0.24043735137158342, 0.058171643711872674]
  - [0.36626779527020925, 0.3663290196765365, 0.8553659751771332, -0.07227285449567464]
  - [0.0, 0.0, 0.0, 1.0]
  cam_overlaps: [0, 3]
  camera_model: pinhole
  distortion_coeffs: [-0.004442357397552521, -0.08712624587093362, 0.08616494331147313, -0.03324947693110298]
  distortion_model: equidistant
  intrinsics: [631.0227283598412, 628.5497529110102, 627.8678456787413, 322.859560180099]
  resolution: [1280, 720]
  rostopic: /camera/side_left/image_raw
